{
  "advancedEditorSelectedIdentifier" : "ProjectBrowser",
  "openSceneRelativePaths" : [
    "Immersive.usda",
    "Scene.usda"
  ],
  "recentIdentifiers" : {
    "AF09ED6F-1707-48FD-8720-65B998362C09" : [

    ],
    "D66134B1-3681-4A8E-AFE5-29F257229F3B" : [

    ]
  },
  "sceneCameraHistory" : {
    "AF09ED6F-1707-48FD-8720-65B998362C09" : [
      {
        "date" : 720737954.853264,
        "title" : "Untitled",
        "transform" : [
          0.9996721,
          3.104237e-09,
          0.025608338,
          0,
          0.006699083,
          0.96517694,
          -0.26151222,
          0,
          -0.024716554,
          0.26159805,
          0.9648604,
          0,
          0.21217388,
          0.48562086,
          1.1006179,
          1
        ]
      },
      {
        "date" : 720737933.88895,
        "title" : "Untitled",
        "transform" : [
          0.99681497,
          3.1835836e-09,
          -0.07974935,
          0,
          -0.05155603,
          0.76293457,
          -0.6444167,
          0,
          0.060843553,
          0.64647573,
          0.76050454,
          0,
          2.317101,
          0.6826789,
          0.32604408,
          1
        ]
      },
      {
        "date" : 720737932.104666,
        "title" : "Untitled",
        "transform" : [
          0.99681497,
          3.1835836e-09,
          -0.07974935,
          0,
          -0.05155603,
          0.76293457,
          -0.6444167,
          0,
          0.060843553,
          0.64647573,
          0.76050454,
          0,
          2.6693923,
          4.425796,
          4.729395,
          1
        ]
      },
      {
        "date" : 720735800.127096,
        "title" : "Untitled",
        "transform" : [
          0.99681497,
          3.1835836e-09,
          -0.07974935,
          0,
          -0.05155603,
          0.76293457,
          -0.6444167,
          0,
          0.060843553,
          0.64647573,
          0.76050454,
          0,
          2.6480148,
          4.741937,
          4.462366,
          1
        ]
      },
      {
        "date" : 720735795.645331,
        "title" : "Untitled",
        "transform" : [
          0.8859339,
          3.663458e-09,
          -0.46381158,
          0,
          -0.2236605,
          0.8760487,
          -0.42721745,
          0,
          0.40632153,
          0.48222277,
          0.77612114,
          0,
          4.5777326,
          3.723038,
          3.8202114,
          1
        ]
      },
      {
        "date" : 720735793.839611,
        "title" : "Untitled",
        "transform" : [
          0.8859339,
          3.663458e-09,
          -0.46381158,
          0,
          -0.2236605,
          0.8760487,
          -0.42721745,
          0,
          0.40632153,
          0.48222277,
          0.77612114,
          0,
          3.9403245,
          2.9665642,
          2.6026902,
          1
        ]
      },
      {
        "date" : 720735788.592005,
        "title" : "Untitled",
        "transform" : [
          0.86302197,
          3.2682186e-09,
          -0.5051664,
          0,
          -0.23968273,
          0.88027555,
          -0.4094719,
          0,
          0.44468564,
          0.47446293,
          0.7596971,
          0,
          4.1975117,
          2.9242759,
          2.6000352,
          1
        ]
      },
      {
        "date" : 720735784.597206,
        "title" : "Untitled",
        "transform" : [
          0.98864,
          7.6149154e-10,
          -0.15030292,
          0,
          -0.054510888,
          0.93191636,
          -0.3585535,
          0,
          0.14006975,
          0.3626735,
          0.92132974,
          0,
          2.4398417,
          2.249007,
          3.8090906,
          1
        ]
      },
      {
        "date" : 720735779.39359,
        "title" : "Untitled",
        "transform" : [
          0.98864,
          7.6149154e-10,
          -0.15030292,
          0,
          -0.054510888,
          0.93191636,
          -0.3585535,
          0,
          0.14006975,
          0.3626735,
          0.92132974,
          0,
          2.3757496,
          2.397948,
          3.7602053,
          1
        ]
      },
      {
        "date" : 720735775.329097,
        "title" : "Untitled",
        "transform" : [
          0.9999381,
          -1.495266e-10,
          -0.011128799,
          0,
          -0.0033516039,
          0.95357215,
          -0.30114627,
          0,
          0.0106121125,
          0.30116493,
          0.9535131,
          0,
          -0.027521014,
          1.2904657,
          3.5491555,
          1
        ]
      }
    ],
    "D66134B1-3681-4A8E-AFE5-29F257229F3B" : [
      {
        "date" : 720735755.436739,
        "title" : "Untitled",
        "transform" : [
          0.9289239,
          7.053672e-10,
          0.37027067,
          0,
          0.14345302,
          0.9219003,
          -0.3598906,
          0,
          -0.3413526,
          0.38742742,
          0.85637516,
          0,
          -0.3461253,
          0.2974834,
          0.9928638,
          1
        ]
      },
      {
        "date" : 720735722.878517,
        "title" : "Untitled",
        "transform" : [
          0.9289239,
          7.053672e-10,
          0.37027067,
          0,
          0.14345302,
          0.9219003,
          -0.3598906,
          0,
          -0.3413526,
          0.38742742,
          0.85637516,
          0,
          -0.2761992,
          0.55827063,
          0.90275526,
          1
        ]
      },
      {
        "date" : 720735715.219733,
        "title" : "Untitled",
        "transform" : [
          0.9289239,
          7.053672e-10,
          0.37027067,
          0,
          0.14345302,
          0.9219003,
          -0.3598906,
          0,
          -0.3413526,
          0.38742742,
          0.85637516,
          0,
          -0.038610797,
          0.30602306,
          0.30670065,
          1
        ]
      },
      {
        "date" : 720735714.20538,
        "title" : "Untitled",
        "transform" : [
          0.9289239,
          7.053672e-10,
          0.37027067,
          0,
          0.14345302,
          0.9219003,
          -0.3598906,
          0,
          -0.3413526,
          0.38742742,
          0.85637516,
          0,
          -0.038610797,
          0.30602306,
          0.30670065,
          1
        ]
      },
      {
        "date" : 720735712.121581,
        "title" : "Untitled",
        "transform" : [
          0.9289239,
          7.053672e-10,
          0.37027067,
          0,
          0.14345302,
          0.9219003,
          -0.3598906,
          0,
          -0.3413526,
          0.38742742,
          0.85637516,
          0,
          -0.038610797,
          0.30602306,
          0.30670065,
          1
        ]
      },
      {
        "date" : 720735697.461023,
        "title" : "Untitled",
        "transform" : [
          0.9321251,
          3.838207e-09,
          0.3621365,
          0,
          -0.050303295,
          0.9903055,
          0.12947868,
          0,
          -0.35862577,
          -0.13890699,
          0.92308855,
          0,
          -0.05553578,
          0.07759891,
          0.39407006,
          1
        ]
      },
      {
        "date" : 720731524.414117,
        "title" : "Untitled",
        "transform" : [
          0.9118959,
          3.6882044e-09,
          0.41042152,
          0,
          -0.06834548,
          0.98603725,
          0.15185353,
          0,
          -0.4046909,
          -0.16652507,
          0.89916325,
          0,
          -0.082094125,
          0.12691712,
          0.39022776,
          1
        ]
      },
      {
        "date" : 720731519.452661,
        "title" : "Untitled",
        "transform" : [
          0.94513947,
          1.3038783e-09,
          0.32666698,
          0,
          -0.031722724,
          0.9952736,
          0.091782756,
          0,
          -0.325123,
          -0.09711025,
          0.94067246,
          0,
          -0.14273694,
          0.07401278,
          0.35858923,
          1
        ]
      },
      {
        "date" : 720731509.578264,
        "title" : "Untitled",
        "transform" : [
          0.94513947,
          1.3038783e-09,
          0.32666698,
          0,
          -0.031722724,
          0.9952736,
          0.091782756,
          0,
          -0.325123,
          -0.09711025,
          0.94067246,
          0,
          -0.35634816,
          0.34484497,
          1.5835783,
          1
        ]
      },
      {
        "date" : 720731507.877983,
        "title" : "Untitled",
        "transform" : [
          0.94513947,
          1.3038783e-09,
          0.32666698,
          0,
          -0.031722724,
          0.9952736,
          0.091782756,
          0,
          -0.325123,
          -0.09711025,
          0.94067246,
          0,
          -0.35629344,
          0.34312424,
          1.5834196,
          1
        ]
      }
    ]
  },
  "selectedSceneRelativePath" : "Immersive.usda"
}