{
  "advancedEditorSelectedIdentifier" : "ProjectBrowser",
  "openSceneRelativePaths" : [
    "Immersive.usda",
    "Scene.usda"
  ],
  "recentIdentifiers" : {
    "AF09ED6F-1707-48FD-8720-65B998362C09" : [

    ],
    "D66134B1-3681-4A8E-AFE5-29F257229F3B" : [

    ]
  },
  "sceneCameraHistory" : {
    "AF09ED6F-1707-48FD-8720-65B998362C09" : [
      {
        "date" : 720817398.024174,
        "title" : "Untitled",
        "transform" : [
          0.5703515,
          5.0900555e-09,
          -0.8214007,
          0,
          -0.076719016,
          0.9956287,
          -0.05327094,
          0,
          0.81781006,
          0.09340025,
          0.5678583,
          0,
          1.4885931,
          1.6219615,
          0.20611954,
          1
        ]
      },
      {
        "date" : 720814056.437443,
        "title" : "Untitled",
        "transform" : [
          0.5703515,
          5.0900555e-09,
          -0.8214007,
          0,
          -0.076719016,
          0.9956287,
          -0.05327094,
          0,
          0.81781006,
          0.09340025,
          0.5678583,
          0,
          1.5273547,
          0.9579352,
          0.25951338,
          1
        ]
      },
      {
        "date" : 720813919.550262,
        "title" : "Untitled",
        "transform" : [
          0.5703515,
          5.0900555e-09,
          -0.8214007,
          0,
          -0.076719016,
          0.9956287,
          -0.05327094,
          0,
          0.8178102,
          0.093400255,
          0.56785834,
          0,
          1.4138045,
          0.89970565,
          0.4326225,
          1
        ]
      },
      {
        "date" : 720813915.347324,
        "title" : "Untitled",
        "transform" : [
          0.9996721,
          3.104237e-09,
          0.025608338,
          0,
          0.006699083,
          0.96517694,
          -0.26151222,
          0,
          -0.024716554,
          0.26159805,
          0.9648604,
          0,
          0.18379326,
          1.137974,
          0.9230211,
          1
        ]
      },
      {
        "date" : 720813401.498973,
        "title" : "Untitled",
        "transform" : [
          0.9996721,
          3.104237e-09,
          0.025608338,
          0,
          0.006699083,
          0.96517694,
          -0.26151222,
          0,
          -0.024716554,
          0.26159805,
          0.9648604,
          0,
          0.29168963,
          0.9332827,
          0.98128223,
          1
        ]
      },
      {
        "date" : 720813392.140757,
        "title" : "Untitled",
        "transform" : [
          0.9996721,
          3.104237e-09,
          0.025608338,
          0,
          0.006699083,
          0.96517694,
          -0.26151222,
          0,
          -0.024716554,
          0.26159805,
          0.9648604,
          0,
          0.19711545,
          0.6710196,
          1.0499656,
          1
        ]
      },
      {
        "date" : 720813388.611965,
        "title" : "Untitled",
        "transform" : [
          0.9996721,
          3.104237e-09,
          0.025608338,
          0,
          0.006699083,
          0.96517694,
          -0.26151222,
          0,
          -0.024716554,
          0.26159805,
          0.9648604,
          0,
          -0.0554969,
          0.5846244,
          1.0669186,
          1
        ]
      },
      {
        "date" : 720813384.008232,
        "title" : "Untitled",
        "transform" : [
          0.9996721,
          3.104237e-09,
          0.025608338,
          0,
          0.006699083,
          0.96517694,
          -0.26151222,
          0,
          -0.024716554,
          0.26159805,
          0.9648604,
          0,
          0.26797858,
          0.35291302,
          1.1380278,
          1
        ]
      },
      {
        "date" : 720737954.853264,
        "title" : "Untitled",
        "transform" : [
          0.9996721,
          3.104237e-09,
          0.025608338,
          0,
          0.006699083,
          0.96517694,
          -0.26151222,
          0,
          -0.024716554,
          0.26159805,
          0.9648604,
          0,
          0.21217388,
          0.48562086,
          1.1006179,
          1
        ]
      },
      {
        "date" : 720737933.88895,
        "title" : "Untitled",
        "transform" : [
          0.99681497,
          3.1835836e-09,
          -0.07974935,
          0,
          -0.05155603,
          0.76293457,
          -0.6444167,
          0,
          0.060843553,
          0.64647573,
          0.76050454,
          0,
          2.317101,
          0.6826789,
          0.32604408,
          1
        ]
      }
    ],
    "D66134B1-3681-4A8E-AFE5-29F257229F3B" : [
      {
        "date" : 720817681.165192,
        "title" : "Untitled",
        "transform" : [
          0.9289239,
          7.053672e-10,
          0.37027067,
          0,
          0.14345302,
          0.9219003,
          -0.3598906,
          0,
          -0.3413526,
          0.38742742,
          0.85637516,
          0,
          -0.24815923,
          0.3516588,
          0.38625854,
          1
        ]
      },
      {
        "date" : 720817671.012098,
        "title" : "Untitled",
        "transform" : [
          0.9289239,
          7.053672e-10,
          0.37027067,
          0,
          0.14345302,
          0.9219003,
          -0.3598906,
          0,
          -0.3413526,
          0.38742742,
          0.85637516,
          0,
          -0.27682668,
          0.3516588,
          0.37483162,
          1
        ]
      },
      {
        "date" : 720817405.658388,
        "title" : "Untitled",
        "transform" : [
          0.9289239,
          7.053672e-10,
          0.37027067,
          0,
          0.14345302,
          0.9219003,
          -0.3598906,
          0,
          -0.3413526,
          0.38742742,
          0.85637516,
          0,
          -0.14596425,
          0.2534899,
          0.6691945,
          1
        ]
      },
      {
        "date" : 720817402.591561,
        "title" : "Untitled",
        "transform" : [
          0.9289239,
          7.053672e-10,
          0.37027067,
          0,
          0.14345302,
          0.9219003,
          -0.3598906,
          0,
          -0.3413526,
          0.38742742,
          0.85637516,
          0,
          -0.19117123,
          0.30479875,
          0.7826085,
          1
        ]
      },
      {
        "date" : 720813538.586309,
        "title" : "Untitled",
        "transform" : [
          0.9289239,
          7.053672e-10,
          0.37027067,
          0,
          0.14345302,
          0.9219003,
          -0.3598906,
          0,
          -0.3413526,
          0.38742742,
          0.85637516,
          0,
          -0.26972234,
          0.39395246,
          0.9796752,
          1
        ]
      },
      {
        "date" : 720735755.436739,
        "title" : "Untitled",
        "transform" : [
          0.9289239,
          7.053672e-10,
          0.37027067,
          0,
          0.14345302,
          0.9219003,
          -0.3598906,
          0,
          -0.3413526,
          0.38742742,
          0.85637516,
          0,
          -0.3461253,
          0.2974834,
          0.9928638,
          1
        ]
      },
      {
        "date" : 720735722.878517,
        "title" : "Untitled",
        "transform" : [
          0.9289239,
          7.053672e-10,
          0.37027067,
          0,
          0.14345302,
          0.9219003,
          -0.3598906,
          0,
          -0.3413526,
          0.38742742,
          0.85637516,
          0,
          -0.2761992,
          0.55827063,
          0.90275526,
          1
        ]
      },
      {
        "date" : 720735715.219733,
        "title" : "Untitled",
        "transform" : [
          0.9289239,
          7.053672e-10,
          0.37027067,
          0,
          0.14345302,
          0.9219003,
          -0.3598906,
          0,
          -0.3413526,
          0.38742742,
          0.85637516,
          0,
          -0.038610797,
          0.30602306,
          0.30670065,
          1
        ]
      },
      {
        "date" : 720735714.20538,
        "title" : "Untitled",
        "transform" : [
          0.9289239,
          7.053672e-10,
          0.37027067,
          0,
          0.14345302,
          0.9219003,
          -0.3598906,
          0,
          -0.3413526,
          0.38742742,
          0.85637516,
          0,
          -0.038610797,
          0.30602306,
          0.30670065,
          1
        ]
      },
      {
        "date" : 720735712.121581,
        "title" : "Untitled",
        "transform" : [
          0.9289239,
          7.053672e-10,
          0.37027067,
          0,
          0.14345302,
          0.9219003,
          -0.3598906,
          0,
          -0.3413526,
          0.38742742,
          0.85637516,
          0,
          -0.038610797,
          0.30602306,
          0.30670065,
          1
        ]
      }
    ]
  },
  "selectedSceneRelativePath" : "Immersive.usda"
}