{
  "advancedEditorSelectedIdentifier" : "ProjectBrowser",
  "openSceneRelativePaths" : [
    "Immersive.usda",
    "Scene.usda",
    "Pizza.usda"
  ],
  "recentIdentifiers" : {
    "AF09ED6F-1707-48FD-8720-65B998362C09" : [

    ],
    "D66134B1-3681-4A8E-AFE5-29F257229F3B" : [

    ]
  },
  "sceneCameraHistory" : {
    "640BCF04-1134-448D-8D39-AC1C468C93DF" : [
      {
        "date" : 723816706.716643,
        "title" : "Untitled",
        "transform" : [
          0.99999994,
          0,
          0,
          0,
          0,
          0.8660254,
          -0.49999988,
          0,
          0,
          0.49999988,
          0.8660254,
          0,
          0.032016553,
          0.22149283,
          0.5318628,
          1
        ]
      },
      {
        "date" : 723816704.451864,
        "title" : "Untitled",
        "transform" : [
          0.99999994,
          0,
          0,
          0,
          0,
          0.8660254,
          -0.49999988,
          0,
          0,
          0.49999988,
          0.8660254,
          0,
          0.032016553,
          0.22149283,
          0.5318628,
          1
        ]
      },
      {
        "date" : 723816702.299454,
        "title" : "Untitled",
        "transform" : [
          0.99999994,
          0,
          0,
          0,
          0,
          0.8660254,
          -0.49999988,
          0,
          0,
          0.49999988,
          0.8660254,
          0,
          0.032016553,
          0.22149283,
          0.5318628,
          1
        ]
      },
      {
        "date" : 723816698.3782,
        "title" : "Untitled",
        "transform" : [
          0.99999994,
          0,
          0,
          0,
          0,
          0.8660254,
          -0.49999988,
          0,
          0,
          0.49999988,
          0.8660254,
          0,
          0.030546874,
          0.21996182,
          0.5327467,
          1
        ]
      },
      {
        "date" : 723813666.30987,
        "title" : "Untitled",
        "transform" : [
          0.99999994,
          0,
          0,
          0,
          0,
          0.8660254,
          -0.49999988,
          0,
          0,
          0.49999988,
          0.8660254,
          0,
          0.030546874,
          0.21996182,
          0.5327467,
          1
        ]
      },
      {
        "date" : 723813664.730431,
        "title" : "Untitled",
        "transform" : [
          0.99999994,
          0,
          -0,
          0,
          -0,
          0.8660254,
          -0.49999988,
          0,
          0,
          0.49999988,
          0.8660254,
          0,
          0.0018850043,
          0.23189604,
          0.5258565,
          1
        ]
      },
      {
        "date" : 723813662.072014,
        "title" : "Untitled",
        "transform" : [
          0.99999994,
          0,
          0,
          0,
          0,
          0.8660254,
          -0.49999988,
          0,
          0,
          0.49999988,
          0.8660254,
          0,
          0.09160252,
          1.267809,
          -0.70913386,
          1
        ]
      },
      {
        "date" : 723813653.067684,
        "title" : "Untitled",
        "transform" : [
          0.99999994,
          0,
          0,
          0,
          0,
          0.8660254,
          -0.49999988,
          0,
          0,
          0.49999988,
          0.8660254,
          0,
          0.09160258,
          1.7461938,
          -0.98532915,
          1
        ]
      },
      {
        "date" : 723813623.427334,
        "title" : "Untitled",
        "transform" : [
          0.99999994,
          0,
          0,
          0,
          0,
          0.8660254,
          -0.49999988,
          0,
          0,
          0.49999988,
          0.8660254,
          0,
          0.104059234,
          1.7215322,
          -0.97109103,
          1
        ]
      },
      {
        "date" : 723813619.77429,
        "title" : "Untitled",
        "transform" : [
          0.99999994,
          0,
          0,
          0,
          0,
          0.8660254,
          -0.49999988,
          0,
          0,
          0.49999988,
          0.8660254,
          0,
          0.104059175,
          1.4851004,
          -0.8345871,
          1
        ]
      }
    ],
    "AF09ED6F-1707-48FD-8720-65B998362C09" : [
      {
        "date" : 723776884.391842,
        "title" : "Untitled",
        "transform" : [
          0.6077397,
          5.2371885e-09,
          -0.79413635,
          0,
          -0.21440932,
          0.96286297,
          -0.16408399,
          0,
          0.76464444,
          0.26999056,
          0.58517003,
          0,
          0.33728814,
          1.4583325,
          0.24205065,
          1
        ]
      },
      {
        "date" : 723776883.007139,
        "title" : "Untitled",
        "transform" : [
          0.6077397,
          5.2371885e-09,
          -0.79413635,
          0,
          -0.21440932,
          0.96286297,
          -0.16408399,
          0,
          0.76464444,
          0.26999056,
          0.58517003,
          0,
          0.33728814,
          1.4583325,
          0.24205065,
          1
        ]
      },
      {
        "date" : 723776866.924421,
        "title" : "Untitled",
        "transform" : [
          0.5703516,
          5.681442e-08,
          -0.82140064,
          0,
          -0.4080891,
          0.86785305,
          -0.28336263,
          0,
          0.71285504,
          0.49682096,
          0.49498144,
          0,
          2.978302,
          0.83379084,
          2.2830825,
          1
        ]
      },
      {
        "date" : 723775143.131788,
        "title" : "Untitled",
        "transform" : [
          0.5703515,
          5.0900555e-09,
          -0.8214007,
          0,
          -0.076719016,
          0.9956287,
          -0.05327094,
          0,
          0.81781006,
          0.09340025,
          0.5678583,
          0,
          2.6019876,
          1.7491175,
          0.9792193,
          1
        ]
      },
      {
        "date" : 720817398.024174,
        "title" : "Untitled",
        "transform" : [
          0.5703515,
          5.0900555e-09,
          -0.8214007,
          0,
          -0.076719016,
          0.9956287,
          -0.05327094,
          0,
          0.81781006,
          0.09340025,
          0.5678583,
          0,
          1.4885931,
          1.6219615,
          0.20611954,
          1
        ]
      },
      {
        "date" : 720814056.437443,
        "title" : "Untitled",
        "transform" : [
          0.5703515,
          5.0900555e-09,
          -0.8214007,
          0,
          -0.076719016,
          0.9956287,
          -0.05327094,
          0,
          0.81781006,
          0.09340025,
          0.5678583,
          0,
          1.5273547,
          0.9579352,
          0.25951338,
          1
        ]
      },
      {
        "date" : 720813919.550262,
        "title" : "Untitled",
        "transform" : [
          0.5703515,
          5.0900555e-09,
          -0.8214007,
          0,
          -0.076719016,
          0.9956287,
          -0.05327094,
          0,
          0.8178102,
          0.093400255,
          0.56785834,
          0,
          1.4138045,
          0.89970565,
          0.4326225,
          1
        ]
      },
      {
        "date" : 720813915.347324,
        "title" : "Untitled",
        "transform" : [
          0.9996721,
          3.104237e-09,
          0.025608338,
          0,
          0.006699083,
          0.96517694,
          -0.26151222,
          0,
          -0.024716554,
          0.26159805,
          0.9648604,
          0,
          0.18379326,
          1.137974,
          0.9230211,
          1
        ]
      },
      {
        "date" : 720813401.498973,
        "title" : "Untitled",
        "transform" : [
          0.9996721,
          3.104237e-09,
          0.025608338,
          0,
          0.006699083,
          0.96517694,
          -0.26151222,
          0,
          -0.024716554,
          0.26159805,
          0.9648604,
          0,
          0.29168963,
          0.9332827,
          0.98128223,
          1
        ]
      },
      {
        "date" : 720813392.140757,
        "title" : "Untitled",
        "transform" : [
          0.9996721,
          3.104237e-09,
          0.025608338,
          0,
          0.006699083,
          0.96517694,
          -0.26151222,
          0,
          -0.024716554,
          0.26159805,
          0.9648604,
          0,
          0.19711545,
          0.6710196,
          1.0499656,
          1
        ]
      }
    ],
    "D66134B1-3681-4A8E-AFE5-29F257229F3B" : [
      {
        "date" : 723775175.60653,
        "title" : "Untitled",
        "transform" : [
          0.9289239,
          7.053672e-10,
          0.37027067,
          0,
          0.14345302,
          0.9219003,
          -0.3598906,
          0,
          -0.3413526,
          0.38742742,
          0.85637516,
          0,
          -0.24865541,
          0.34846923,
          0.38750368,
          1
        ]
      },
      {
        "date" : 723775173.406745,
        "title" : "Untitled",
        "transform" : [
          0.9289239,
          7.053672e-10,
          0.37027067,
          0,
          0.14345302,
          0.9219003,
          -0.3598906,
          0,
          -0.3413526,
          0.38742742,
          0.85637516,
          0,
          -0.24815924,
          0.3516588,
          0.38625854,
          1
        ]
      },
      {
        "date" : 720817681.165192,
        "title" : "Untitled",
        "transform" : [
          0.9289239,
          7.053672e-10,
          0.37027067,
          0,
          0.14345302,
          0.9219003,
          -0.3598906,
          0,
          -0.3413526,
          0.38742742,
          0.85637516,
          0,
          -0.24815923,
          0.3516588,
          0.38625854,
          1
        ]
      },
      {
        "date" : 720817671.012098,
        "title" : "Untitled",
        "transform" : [
          0.9289239,
          7.053672e-10,
          0.37027067,
          0,
          0.14345302,
          0.9219003,
          -0.3598906,
          0,
          -0.3413526,
          0.38742742,
          0.85637516,
          0,
          -0.27682668,
          0.3516588,
          0.37483162,
          1
        ]
      },
      {
        "date" : 720817405.658388,
        "title" : "Untitled",
        "transform" : [
          0.9289239,
          7.053672e-10,
          0.37027067,
          0,
          0.14345302,
          0.9219003,
          -0.3598906,
          0,
          -0.3413526,
          0.38742742,
          0.85637516,
          0,
          -0.14596425,
          0.2534899,
          0.6691945,
          1
        ]
      },
      {
        "date" : 720817402.591561,
        "title" : "Untitled",
        "transform" : [
          0.9289239,
          7.053672e-10,
          0.37027067,
          0,
          0.14345302,
          0.9219003,
          -0.3598906,
          0,
          -0.3413526,
          0.38742742,
          0.85637516,
          0,
          -0.19117123,
          0.30479875,
          0.7826085,
          1
        ]
      },
      {
        "date" : 720813538.586309,
        "title" : "Untitled",
        "transform" : [
          0.9289239,
          7.053672e-10,
          0.37027067,
          0,
          0.14345302,
          0.9219003,
          -0.3598906,
          0,
          -0.3413526,
          0.38742742,
          0.85637516,
          0,
          -0.26972234,
          0.39395246,
          0.9796752,
          1
        ]
      },
      {
        "date" : 720735755.436739,
        "title" : "Untitled",
        "transform" : [
          0.9289239,
          7.053672e-10,
          0.37027067,
          0,
          0.14345302,
          0.9219003,
          -0.3598906,
          0,
          -0.3413526,
          0.38742742,
          0.85637516,
          0,
          -0.3461253,
          0.2974834,
          0.9928638,
          1
        ]
      },
      {
        "date" : 720735722.878517,
        "title" : "Untitled",
        "transform" : [
          0.9289239,
          7.053672e-10,
          0.37027067,
          0,
          0.14345302,
          0.9219003,
          -0.3598906,
          0,
          -0.3413526,
          0.38742742,
          0.85637516,
          0,
          -0.2761992,
          0.55827063,
          0.90275526,
          1
        ]
      },
      {
        "date" : 720735715.219733,
        "title" : "Untitled",
        "transform" : [
          0.9289239,
          7.053672e-10,
          0.37027067,
          0,
          0.14345302,
          0.9219003,
          -0.3598906,
          0,
          -0.3413526,
          0.38742742,
          0.85637516,
          0,
          -0.038610797,
          0.30602306,
          0.30670065,
          1
        ]
      }
    ]
  },
  "selectedSceneRelativePath" : "Pizza.usda"
}